15391
24982
44617
75559
86354
93938
147431
195398
220248
247158
347420
377368
436119
483886
493599
510011
517886
529236
562882
581532
620135
658670
760947
897038
918396
934294
975310
1120654
1141958
1147994
1171118
1280575
1318574
1337171
1385358
1424422
1425376
1448567
1513857
1581835
1659769
1689049
1731612
1734427
1746571
1779344
1845983
1874075
1899774
1918023
1918211
1918955
2061153
2087593
2107001
2187575
2187581
2231939
2369293
2375940
2438684
2468466
2476170
2533481
2620753
2676078
2690502
2775756
2825252
2837339
2838787
2937500
2958225
3029867
3039721
3077751
3130144
3166061
3247229
3257705
3290006
3342341
3363434
3365798
3400762
3412853
3487418
3501586
3502489
3577659
3610933
3629584
3647528
3693615
3734048
3767048
3863088
3877848
4067321
4067542
4106574
4142434
4185520
4266149
4302447
4327746
4333209
4358432
4392915
4440182
4442057
4484339
4487062
4589425
4601476
4633144
4664381
4752380
4923019
4938936
4983942
4993251
5028966
5036897
5117379
5125291
5197888
5279900
5314599
5444199
5562012
5602807
5640787
5694255
5718941
5734991
5738011
5750575
5802688
5830245
5972286
5983322
5991497
6003132
6065518
6110431
6140441
6146504
6152714
6264403
6266506
6272558
6374322
6405766
6413408
6420041
6439400
6481034
6544242
6581480
6591367
6605660
6646330
6687348
6696443
6807934
6840766
6863509
6914689
6994133
7019718
7108116
7115856
7121194
7138440
7145982
7151989
7201192
7220026
7273514
7291451
7314372
7386773
7399762
7434343
7468139
7476787
7490127
7535803
7576547
7625806
7644246
7672889
7676177
7693464
7700181
7706470
7728908
7786329
7807326
7817288
7846126
7884894
7928479
7957270
7996557
8003970
8009606
8102060
8147379
8169490
8189881
8206730
8213450
8243517
8280552
8285727
8482902
8524947
8618802
8655627
8714073
8773779
8795949
8836795
8846926
8884038
9104191
9129988
9235983
9253432
9315007
9371593
9404075
9442280
9465209
9476600
9483761
9488560
9564623
9568928
9677481
9732559
9767001
9776520
9792479
9824384
9865358
9991348
10015756
10035410
10094270
10105164
10155440
10177641
10207461
10212283
10301730
10442554
10492467
10493291
10495203
10530894
10590974
10626564
10645455
10649815
10657993
10663791
10673485
10675461
10726739
10734563
10736457
10835940
10892751
10991119
10995922
11043594
11054733
11116442
11117059
11196792
11232941
11248683
11326152
11394779
11444423
11447504
11572069
11574225
11578227
11601573
11656686
11708875
11778585
11785723
11816669
11834292
11862658
11869745
11889901
11920073
11966974
12070297
12092850
12112537
12119703
12134546
12172034
12219505
12286697
12322862
12387195
12397203
12523194
12531646
12581022
12605437
12629754
12631728
12646944
12691279
12746944
12813727
12855340
12893044
12969476
13101615
13176121
13187653
13249947
13391848
13394457
13536068
13554733
13565715
13581311
13702363
13749498
13780988
13803387
13842230
13842466
13861341
13875245
13887150
13906306
13910000
13924578
13981953
13986261
13990847
13996163
14028298
14110649
14140849
14370614
14510797
14511307
14553655
14592279
14598381
14608463
14608855
14617037
14620047
14666353
14674955
14714834
14722838
14746352
14817173
14876175
14878251
14919365
14968264
15064941
15090693
15163827
15191039
15218616
15266616
15291442
15338885
15346641
15346878
15349037
15381052
15413894
15477199
15482008
15512678
15546161
15588864
15601051
15644325
15658910
15666217
15702282
15716055
15736495
15797864
15801131
15817008
15851627
15856482
15875493
15887838
15987008
16048799
16108809
16157972
16172821
16193189
16214513
16284031
16303924
16443322
16485601
16485722
16529675
16576010
16604531
16624091
16656872
16669312
16727050
16754969
16760888
16786369
16825295
16837188
16843149
16928631
16931828
16957067
17011822
17118662
17131791
17139089
17168155
17185950
17292491
17373511
17398476
17402900
17429521
17438470
17438637
17473915
17480133
17512702
17553978
17575546
17610432
17612376
17634490
17674587
17684073
17689104
17744238
17807817
17840227
17860343
17911359
17933411
17956028
17956544
17971639
18152431
18170993
18188677
18196422
18215441
18270066
18272111
18408090
18452785
18478634
18500442
18518809
18521405
18530373
18593434
18644517
18661854
18677253
18763646
18826853
18838642
18867825
18872683
18915977
18921475
18932350
18973853
19027178
19028332
19147709
