101777
129287
138397
140221
166416
188439
199104
200258
240686
249164
252037
269400
292049
327253
330167
368491
431388
451433
460656
487955
520555
606913
617526
630470
634475
643040
652417
678377
732889
756589
779564
824825
866898
934788
949915
966037
1018601
1043957
1061992
1072824
1104472
1126058
1202406
1206596
1219140
1223944
1238769
1241969
1247666
1266594
1275414
1295638
1329897
1368840
1398211
1493643
1517812
1547498
1570115
1585709
1605079
1614485
1616031
1683018
1694725
1723925
1742791
1748826
1771962
1814774
1862061
1877845
1919335
1947738
2021730
2042246
2049837
2059944
2081423
2095150
2112141
2132952
2157942
2184369
2192849
2215990
2254127
2346378
2352013
2372740
2416567
2472621
2509622
2531813
2547552
2600492
2606381
2647009
2669995
2675850
2688371
2751623
2795747
2838449
2851047
2875669
2895327
2922972
2924705
2965484
2984583
2988534
2996294
2999324
3143914
3151844
3154832
3155721
3194340
3199792
3202476
3236758
3289338
3312539
3323563
3346144
3386332
3403595
3435403
3450784
3617306
3671534
3672801
3722900
3768346
3782578
3783602
3813328
3974480
4013131
4022205
4078292
4080380
4122294
4141080
4148718
4150110
4177707
4229233
4232064
4240775
4302528
4306798
4325135
4348219
4350521
4439926
4441693
4443917
4473959
4541378
4584127
4676672
4698895
4708000
4711008
4714791
4746842
4761496
4771457
4789024
4801349
4802436
4823619
4854028
4857981
4874144
4966348
5070149
5083507
5128429
5188657
5199212
5231826
5251837
5272329
5285524
5309057
5320213
5359373
5361650
5375657
5395147
5399520
5495674
5501005
5517382
5605718
5635749
5646525
5659337
5707701
5735251
5743125
5755882
5758781
5775333
5807929
5883207
5883600
5911144
5924376
5947960
6011171
6038463
6078870
6084535
6095432
6114310
6143533
6144704
6144895
6249010
6272452
6294959
6298731
6317120
6383430
6406654
6425482
6491209
6532808
6569791
6580159
6639840
6665844
6699353
6713488
6721896
6733360
6769860
6798023
6847060
6848816
6863944
6864355
6866206
6927914
6943082
6968538
6984063
7076768
7152206
7156998
7158944
7164604
7166970
7222989
7225789
7249423
7253127
7427126
7442070
7495739
7509256
7513792
7561453
7623158
7647010
7652642
7652788
7654681
7662051
7663358
7676051
7677954
7687245
7729654
7848868
7946647
7950020
8012615
8050670
8241550
8329315
8369668
8458738
8466610
8488377
8521144
8598114
8603287
8616811
8651561
8655900
8810260
8902967
8941614
8962127
9002423
9104556
9105657
9146397
9185691
9198971
9227598
9244953
9249959
9313076
9397347
9404282
9429790
9432549
9437230
9455695
9572889
9690275
9778280
9785101
9793086
9825002
9842589
9877008
9884831
9911097
9937199
9943990
9946298
9980133
9996486
10047562
10155306
10162057
10183232
10206159
10276472
10285125
10311180
10317624
10344206
10351317
10365323
10397420
10423527
10489563
10621570
10635531
10664631
10668971
10670203
10672177
10700194
10723186
10826624
10829957
10847307
10857213
10859137
10876562
10879568
10938754
10949435
10995584
11018203
11032044
11053654
11064816
11099117
11150428
11153363
11185822
11205602
11219879
11256312
11257885
11302044
11308217
11309057
11344796
11431967
11436814
11452443
11472483
11483706
11486489
11503787
11518532
11589775
11596044
11627961
11648701
11652993
11653805
11667143
11684765
11694725
11711995
11714163
11719583
11740170
11747099
11765464
11856982
11868442
11871454
11918079
11924283
11947876
11954114
11959180
12000959
12047540
12066259
12148199
12164359
12337488
12408473
12411801
12419463
12493569
12499934
12502180
12518875
12543542
12553349
12599921
12632157
12652559
12683239
12817252
12844562
12896724
12929008
13001878
13033890
13171623
13215355
13257335
13258821
13286371
13414318
13423195
13552534
13585938
13586468
13662426
13662840
13702656
13726345
13830662
13839042
13852430
13854028
13885234
13913792
13918512
13942850
13954817
13961750
14025634
14028589
14069910
14074271
14074866
14193238
14197559
14216408
14247373
14290041
14308128
14328922
14339395
14369287
14390853
14393856
14448749
14451285
14463388
14475606
14514631
14572884
14573666
14577577
14623330
14630513
14631620
14679011
14682239
14684326
14690039
14706669
14738178
14755611
14763253
14772311
14848782
14926701
14952701
14996474
15013876
