7924
95929
118320
126812
202764
229183
249011
261367
294209
354201
370044
444170
536392
581614
615999
668485
675718
732941
777081
810468
826005
834896
903214
909929
928861
985856
1037586
1066623
1098409
1099969
1127841
1141406
1146631
1186776
1244475
1285884
1296162
1324659
1337508
1337593
1340311
1396375
1448626
1484316
1530814
1531729
1552694
1602994
1675524
1678911
1732354
1740941
1800646
1809275
1877699
1941578
1975249
2010636
2083979
2100309
2117002
2246208
2333797
2336908
2338722
2379335
2389150
2450480
2511883
2514981
2537707
2598399
2660884
2678268
2679064
2709245
2719404
2799583
2874388
2899806
2924832
2957874
2963558
3009070
3049499
3057288
3058271
3102121
3145329
3226277
3258759
3434112
3583615
3605366
3650698
3664995
3670749
3674977
3742304
3780600
3820774
3898862
3912465
3915647
3917194
3995181
4012352
4074029
4100557
4121160
4133568
4217795
4218890
4267391
4308683
4309984
4320608
4332474
4348748
4366745
4371163
4408847
4413782
4453646
4513522
4544242
4569199
4593567
4665917
4738244
4739736
4744100
4748972
4912419
4914815
4915186
4921877
4929137
4930422
4942096
5060683
5068345
5070357
5116988
5149610
5167295
5211116
5267705
5278022
5372919
5407067
5427689
5435805
5463523
5474116
5481121
5500799
5523113
5592819
5617140
5657224
5803345
5843570
5849072
5853647
5982045
6008466
6054576
6064594
6137889
6153786
6173075
6211424
6295219
6357370
6357989
6383126
6392842
6397476
6409110
6429155
6437875
6471434
6532882
6698839
6747220
6785296
6905748
6973473
7023272
7048416
7054341
7096692
7116155
7156156
7209511
7285511
7326811
7346042
7478505
7479661
7535404
7569713
7598174
7602823
7611429
7615022
7627959
7707574
7723078
7729454
7761918
7762594
7773133
7780562
7801266
7817493
7918760
7945265
7991826
8006607
8008495
8024023
8034714
8067240
8113898
8164212
8185300
8217191
8273265
8286691
8335191
8338257
8612567
8644431
8698679
8711122
8720935
8744735
8769651
8844756
8872571
8955985
8975098
9030390
9049463
9064373
9077538
9113418
9116228
9129393
9150851
9183131
9206422
9242582
9259287
9269526
9317728
9327121
9388894
9398704
9434236
9476324
9481203
9491175
9610435
9716600
9831152
9854638
9856804
9865372
9996414
10098142
10102198
10104477
10245571
10345207
10429214
10437392
10467037
10481580
10490184
10534551
10580281
10653322
10675715
10684460
10706150
10754927
10775701
10789905
10907447
11025251
11029999
11035438
11055093
11081073
11095442
11102882
11154018
11236303
11266243
11345637
11401376
11446516
11500152
11623800
11646396
11706102
11832145
11906002
11910898
11961071
11993842
12064613
12190526
12207519
12211820
12227816
12231998
12246233
12275572
12359777
12372254
12381447
12384942
12395069
12454819
12457886
12466358
12492915
12499664
12514137
12596472
12650875
12682907
12735663
12772776
12796441
12827845
12849774
12853105
12868137
12904086
12916299
13005015
13033750
13077626
13085043
13139267
13140353
13170749
13174044
13245434
13328084
13345097
13361085
13388245
13395978
13408519
13422051
13437846
13439117
13441993
13481748
13556702
13563166
13593063
13721033
13925587
13926871
13962933
13987080
14008985
14017582
14026932
14088034
14100693
14189541
14231025
14285329
14293933
14330590
14336438
14342010
14392816
14397800
14584756
14611607
14695357
14713670
14738011
14804228
14855375
14894623
14900686
15000558
15036052
15079066
15123765
15156486
15161084
15215254
15221417
15224459
15258880
15264623
15324770
15346277
15350092
15381116
15395085
15467606
15534384
15672977
15747441
15810252
15819203
15894367
15904144
16008426
16106227
16221732
16382220
16395596
16419908
16428347
16455737
16537131
16556185
16615774
16690117
16690385
16709736
16730643
16742987
16798048
16811389
16823219
16853904
16876931
16886473
16936931
16952551
16968570
16996526
16999872
17004355
17011537
17014613
17047442
17088204
17092327
17105497
17151033
17235327
17319935
17332556
17346904
17414789
17444340
17485252
17519844
17620549
17639808
17691136
17704078
17730144
17776056
17789783
17817160
17857488
17913106
17933562
17939664
17942532
17965883
17969357
17981172
18001652
18011469
18011835
18054327
18124486
18258271
18264695
18320861
18337804
18407019
18597012
18599300
18644978
18649272
18708240
18755583
18807901
18918348
19028684
19071476
19138327
