128
12544
51837
56221
57183
91767
139560
141041
141700
179542
199445
223513
268549
317745
330756
336115
338487
366512
374395
391415
394000
397157
415596
432716
438678
493628
525836
550571
571244
574813
575067
578190
584197
609977
666519
666672
676941
682901
693281
718052
737064
760318
772480
778917
813665
816967
817961
834056
855749
859150
875873
914193
929097
938501
962687
965256
970201
972329
1012922
1097890
1113911
1115848
1152500
1171636
1199279
1223093
1227268
1236548
1240527
1287685
1301428
1317125
1317518
1375297
1378675
1390827
1395552
1405474
1407958
1422050
1505505
1518618
1549820
1555226
1570289
1580324
1586628
1630710
1633083
1634875
1639184
1646763
1649216
1662507
1672202
1710982
1729966
1745685
1769507
1772750
1793388
1805698
1869529
1886594
1887597
1891227
1923267
1929040
1956062
2013475
2030495
2083417
2101126
2136490
2136744
2166043
2169140
2203515
2213624
2217372
2227381
2291211
2297777
2306615
2313246
2328782
2345420
2378817
2386758
2390440
2411605
2417592
2433452
2434344
2441398
2450184
2466325
2506048
2533627
2544387
2546715
2547052
2568870
2579977
2584276
2590930
2600130
2604870
2621911
2637927
2641702
2685898
2690980
2736625
2742047
2757119
2840635
2844566
2876956
2930649
2933470
2973668
3001248
3015318
3034323
3048761
3098285
3105286
3124571
3158432
3158728
3168491
3173818
3182112
3206501
3215077
3224667
3233850
3252305
3267959
3333065
3356780
3374910
3391380
3422093
3441314
3449830
3462090
3487862
3505509
3509049
3526375
3540684
3551639
3552568
3566689
3579723
3617537
3639657
3668445
3668984
3669038
3701057
3732472
3739568
3755801
3763621
3772344
3786483
3803237
3827261
3831026
3868622
3881325
3884988
3887200
3905617
3946211
3958165
3980746
4029842
4034472
4063720
4072606
4077452
4100939
4112264
4159724
4167417
4186649
4210016
4220734
4245741
4260185
4261030
4282685
4285003
4320176
4343844
4345263
4404830
4411965
4417009
4457513
4480063
4483844
4489597
4490672
4544385
4576005
4592197
4601948
4609150
4634180
4667786
4675140
4756843
4758675
4826228
4832452
4842037
4842475
4888467
4901823
4924200
4930931
4934445
4959964
4969048
4984421
5005135
5012621
5024875
5072046
5094601
5104474
5129524
5131540
5165248
5180548
5212439
5240759
5275940
5288068
5309972
5310859
5350113
5377439
5383690
5395965
5441359
5444770
5457648
5468998
5476765
5495842
5501658
5515968
5536395
5561825
5588782
5589952
5600692
5615499
5620251
5624731
5660708
5749696
5775007
5783243
5811168
5820256
5847830
5854581
5855292
5863027
5863253
5897055
5942379
5957210
5976297
6015170
6043289
6043311
6053741
6073598
6114200
6132586
6146224
6147658
6154933
6169823
6173154
6237399
6295941
6299385
6327273
6343126
6386243
6399726
6407397
6414225
6449422
6449439
6487986
6543034
6543512
6548120
6558449
6559747
6589679
6626561
6634496
6643666
6674716
6674993
6678018
6709490
6720758
6723667
6737064
6738538
6749673
6781043
6784352
6800699
6807994
6813088
6824370
6842752
6845606
6853757
6856859
6858738
6924241
6925911
6965820
6971178
7014114
7021246
7032297
7051805
7063115
7067599
7095941
7109459
7117958
7129380
7141372
7207255
7211112
7213849
7224997
7256643
7281965
7285638
7309463
7319796
7324368
7327387
7349640
7354091
7377966
7393672
7396921
7437401
7445306
7453029
7475801
7481607
7524191
7532243
7537996
7539779
7540357
7562767
7580804
7581974
7629820
7649022
7705001
7738751
7773719
7806677
7810258
7832681
7840991
7856459
7857901
7865949
7901616
7932160
7935481
7989871
7999713
8004564
8018708
8089411
8113704
8141046
8157155
8167053
8174358
8175777
8200436
8201931
8250128
8252119
8295223
8303728
8319739
8328260
8329178
8343958
8361131
8363654
8430454
8445605
8490412
8512474
8535245
8542852
8549861
8572866
8582243
8583406
8588262
8598649
8624616
8630837
8634429
8653021
8705564
8707155
8740611
8788630
8797816
8966142
8984522
8995731
9013907
9026822
9036442
9063358
9105145
9119893
9147610
9198033
9276126
9353415
9354616
9360139
9368129
9381843
9385918
9388819
9402588
9407870
9447384
9469482
9475224
9493746
9507271
9540588
9544315
9651608
9659150
9729108
9735357
9757239
9784503
9888562
9908639
9944028
9955628
9992425
9998894
10003279
10009715
10049747
10050206
10084418
10092349
10109978
10169817
10177173
10179150
10183754
10194786
10197972
10207530
10248898
10441559
10462404
10474990
10508794
10550767
10565327
10572420
10592045
10624441
10627754
10668916
10670480
10692695
10698845
10734024
10785633
10809500
10847024
10889239
10891679
10906031
10920282
10953573
10954142
10988747
11077913
11082060
11101530
11105379
11112955
11149668
11152069
11155152
11155461
11172997
11175854
11181290
11203637
11208718
11209763
11235973
11268186
11293947
11308986
11358343
11361998
11367941
11384292
11390477
11409647
11417704
11418462
11428498
11459626
11479697
11480767
11485543
11498445
11524615
11550134
11559785
11607490
11646862
11665584
11695230
11709844
11726343
11733584
11735322
11755783
11761301
11815384
11829719
11831400
11835571
11844258
11850462
11905592
11910754
11915212
11917091
11918872
11935416
11941156
11942569
11982611
12000719
12006435
12064883
12067042
12082364
12102236
12144557
12156034
12166592
12173650
12204493
12205176
12209282
12219523
12237570
12278881
12284709
12303111
12387837
12412764
12419342
12456731
12476666
12478355
12487153
12520512
12571127
12577345
12586635
12615207
12663203
12664706
12680901
12684231
12684830
12717910
12810266
12811155
12891506
12896845
12918255
12973289
12988549
13003181
13030239
13075229
13081341
13151971
13154777
13190875
13206430
13232695
13270536
13273751
13279838
13296503
13321100
13322414
13397084
13402347
13403500
13412193
13430282
13432735
13434046
13439100
13451440
13452463
13462760
13505781
13508229
13540960
13564169
13575119
13601446
13648500
13669785
13676496
13700833
13712191
13767709
13790095
13878146
13881075
13937125
13944292
13945534
13953574
14013361
14045369
14058588
14080227
14083620
14085813
14093036
14096759
14101309
14136439
14164989
14199632
14222953
14229898
14234601
14236205
14246868
14246974
14282257
14296859
14301644
14307914
14321254
14351686
14410659
14417055
14419734
14461602
14468517
14477525
14497003
14499360
14510560
14578513
14604549
14614557
14638387
14662065
14680450
14688734
14702129
14703126
14731860
14750604
14759148
14783069
14784656
14794470
14807955
14809522
14843026
14853852
14866486
14866617
14874978
14878209
14905749
14921117
14942532
14967583
14995696
15052560
15057399
15061193
15071015
15073470
15132784
15140943
15161010
15192052
15207425
15263052
15268885
15269356
15310341
15328701
15329129
15351963
15367060
15367194
15371914
15371923
15375749
15398850
15405758
15418846
15429576
15432365
15432778
15457153
15476970
15538192
15558862
15592891
15593424
15599138
15678204
15707046
15742979
15771493
15782780
15803848
15835401
15858779
15899247
15899256
15911603
15976612
16010687
16018785
16020768
16075397
16103679
16131320
16154396
16155895
16157215
16192099
16216758
16218704
16225115
16227752
16237161
16288164
16308263
16310446
16367506
16374268
16400170
16492488
16523377
16525943
16544377
16564784
16572958
16580314
16585088
16600698
16629921
16637739
16653384
16699095
16737344
16751635
16762417
16786650
16814338
16822965
16839251
16864916
16926975
16937294
16971315
16973573
16977557
16995236
17032693
17058971
17065568
17066347
17068440
17126788
17140148
17144489
17186715
17249450
17256128
17264889
17304115
17319566
17342387
17360038
17378524
17387384
17389873
17410319
17427893
17441157
17455217
17458122
17460427
17523046
17540277
17566284
17566520
17573372
17581093
17589390
17592880
17606476
17636605
17661811
17663630
17673579
17708496
17719930
17753623
17754604
17770414
17836109
17860217
17931558
17937642
17944931
17951157
17977801
17985677
18015668
18036006
18044306
18053727
18065459
18067475
18068342
18090245
18123298
18137535
18147719
18149874
18194697
18200410
18220538
18234045
18265947
18285612
18294513
18427463
18452487
18465142
18486655
18550949
18596352
18607692
18623427
18625309
18679400
18684213
18684316
18744894
18767595
18770871
18780071
18786738
18843192
18845835
18846462
18849112
18852704
18873098
18905531
18911766
18935404
18967323
18987861
19027359
19028610
19078362
19120706
19211619
19247387
19271202
19301273
19306104
19336387
19348818
19357081
19376156
19403948
19414657
19451069
19451477
19452219
19479766
19506126
19593595
19606086
19609284
19674438
19699933
19716330
19720922
19727165
19729424
19735354
19757734
19808309
19811296
19878582
19907839
19914456
19922643
20007087
20023722
20067076
