2340
17466
20058
30544
40957
73926
74081
93520
113975
118368
162599
168554
177543
207343
212365
213883
219948
234884
259521
279180
294403
296020
299158
313931
315415
362372
362728
390622
399263
412006
424029
459114
460066
470467
475554
497883
503945
519441
527530
528074
530363
541537
542625
550555
554747
585019
601336
611186
614240
620038
631353
632789
633190
643780
684100
751755
764439
769566
775397
804186
806736
826025
845531
910371
932886
939984
977133
996877
1025235
1029520
1058561
1066552
1071598
1077826
1093298
1110189
1132988
1137005
1156627
1172294
1217595
1237398
1259542
1268979
1282285
1287331
1324761
1328164
1341610
1361530
1371258
1376386
1395695
1417174
1426715
1468939
1482350
1498021
1510276
1526258
1534339
1561684
1564353
1634187
1637681
1649685
1649997
1688552
1709128
1709716
1710054
1719821
1728426
1747501
1768721
1809825
1820801
1823209
1825976
1847450
1893697
1910734
1919291
1927530
1961968
1963527
1973371
1978088
2011215
2026922
2036695
2041551
2086188
2087774
2091197
2095440
2112810
2143480
2152417
2164788
2179196
2182279
2232820
2244570
2246030
2264329
2277468
2331433
2335678
2393951
2406633
2454784
2483791
2483897
2514320
2550877
2556865
2557502
2596027
2597849
2605130
2625116
2627408
2628597
2638679
2639892
2652864
2705743
2717979
2737688
2741894
2771687
2800133
2813719
2824503
2890715
2918417
2920179
2920508
2934088
2956285
2957605
2965886
2989037
2989171
2991949
3002988
3005877
3023495
3098714
3109186
3124144
3130977
3140920
3182708
3210213
3230309
3256523
3301451
3314709
3328398
3347762
3358500
3359795
3362864
3384158
3398650
3420546
3433508
3434826
3436626
3486034
3501138
3511450
3538454
3564632
3572925
3601078
3602368
3630338
3635980
3645918
3659359
3683083
3695081
3697129
3700557
3703750
3710764
3714643
3716252
3719829
3726804
3741763
3777071
3788244
3809539
3850730
3852822
3854717
3874618
3896355
3897231
3922300
3926093
3971362
3977680
3989709
4000325
4058880
4082783
4095601
4108135
4127609
4156817
4160441
4183146
4185730
4187267
4206801
4210882
4216538
4241675
4250150
4265858
4281392
4282023
4284585
4303318
4313314
4334044
4370290
4381930
4390069
4417845
4432178
4433545
4464936
4466385
4470453
4476665
4479102
4484728
4493027
4494705
4508834
4538593
4539957
4553823
4585692
4589882
4623262
4640630
4656255
4676047
4680718
4685400
4696832
4697170
4704447
4708254
4710670
4724032
4727489
4736883
4749197
4771996
4802250
4807378
4819423
4827795
4829253
4845127
4853116
4853223
4864809
4866214
4870022
4877677
4889756
4890829
4914101
4916167
4939666
4947738
4980642
5000094
5012530
5014725
5028330
5054330
5054912
5064778
5094079
5102887
5103186
5116262
5118163
5128334
5151564
5157872
5161771
5189895
5203157
5227151
5243591
5257089
5259482
5274681
5276996
5297718
5302243
5307418
5333142
5355428
5379660
5385855
5405176
5428653
5439766
5468602
5476828
5478440
5504587
5505359
5515475
5516758
5525055
5537893
5544914
5550812
5569528
5570432
5599460
5622038
5641658
5645722
5645993
5661617
5666000
5691230
5695952
5703154
5714564
5716522
5723016
5725861
5743227
5766244
5769629
5798741
5802073
5827154
5833716
5852533
5898974
5912741
5932610
5937920
5974632
5982258
5988788
6042083
6080305
6097944
6120130
6152189
6152758
6165537
6211727
6231755
6238720
6242516
6242986
6245554
6277276
6286782
6287803
6288204
6289099
6294548
6352429
6353280
6370762
6391945
6394809
6421760
6425015
6433866
6448863
6566624
6567391
6575994
6576252
6597427
6611235
6614837
6618874
6650894
6702972
6716579
6720726
6723157
6740906
6750439
6771119
6774000
6817117
6819067
6846844
6859880
6873132
6893017
6911317
6946928
6948769
6949286
6973324
6976842
6992137
6997554
7060562
7078775
7085384
7103420
7118454
7133132
7136405
7142216
7144331
7160411
7165451
7184073
7193441
7203016
7216762
7237868
7281606
7346968
7349039
7357545
7364766
7371892
7375536
7385120
7390972
7392398
7406049
7470291
7475039
7475904
7479160
7497257
7513103
7523937
7543166
7580141
7592990
7598778
7600186
7626397
7636691
7641215
7682516
7749837
7768317
7773133
7773901
7777512
7786411
7797289
7819279
7834221
7877456
7928067
7929645
7942213
7946153
7953628
7968252
7986115
7993078
8001670
8031627
8033447
8036838
8047896
8071773
8074023
8081300
8102503
8114262
8121200
8138633
8140331
8142931
8145907
8205963
8246020
8252279
8282615
8283419
8286785
8293246
8303260
8320363
8326544
8409560
8444091
8466630
8489958
8500512
8510826
8518497
8537720
8545649
8628743
8670099
8681007
8705474
8735018
8737159
8782738
8795142
8815922
8851364
8862878
8865967
8881893
8887866
8888721
8896530
8903116
8908440
8937685
8939487
8943522
8954781
8960834
8971743
8992398
9002654
9006300
9040823
9048442
9053266
9056453
9057817
9067944
9080130
9084759
9090253
9091008
9119671
9150212
9152633
9173016
9217144
9257848
9280692
9316987
9331155
9343874
9344047
9360525
9378268
9381665
9393497
9396886
9440343
9446580
9463424
9481962
9490540
9491882
9501294
9512591
9513278
9539435
9561699
9577166
9578821
9581335
9587431
9594696
9594857
9612154
9622414
9630771
9651203
9653309
9654058
9663047
9668586
9674623
9675395
9678757
9691271
9691743
9692263
9692761
9695576
9713695
9717220
9723524
9761315
9768875
9778949
9789985
9796342
9806801
9807286
9815777
9819448
9833622
9853368
9867934
9873620
9889111
9892318
9899172
9907518
9971237
9987003
10029614
10066522
10078511
10081389
10093271
10117141
10122690
10130947
10168145
10178701
10233021
10240143
10247769
10254268
10289405
10291837
10323250
10331794
10332930
10359897
10362256
10371565
10393123
10394600
10397661
10421641
10421995
10422288
10423539
10436077
10476174
10486940
10490468
10506871
10508753
10508778
10519003
10529198
10549288
10558477
10560666
10565173
10609324
10664718
10678634
10690486
10710248
10770100
10771776
10832095
10843460
10848365
10856205
10889879
10913437
10923927
10931414
10969753
10992973
10995004
11057041
11060434
11074178
11107962
11117649
11122615
11126299
11151077
11161253
11187317
11226519
11231275
11241233
11260699
11277595
11285192
11298105
11335987
11341361
11367892
11374973
11378055
11400818
11420845
11422107
11427035
11447852
11479313
11490094
11497661
11513563
11522710
11549783
11589033
11593905
11598771
11613193
11614331
11615266
11619380
11657564
11658533
11660064
11666826
11669595
11704698
11723306
11740027
11744728
11758764
11773576
11783614
11805097
11813169
11825257
11825472
11832518
11842649
11843519
11881322
11887637
11890487
11899440
11900591
11916408
11947260
11961124
11981719
11989084
12011750
12020169
12040766
12050151
12071033
12072401
12077716
12083105
12095680
12125595
12147276
12147785
12149708
12154911
12172990
12175104
12182073
12199789
12200900
12241757
12249528
12255341
12265874
12279846
12285832
12322260
12339421
12340832
12342357
12349137
12359617
12363763
12366639
12375974
12390449
12390890
12393176
12404360
12408685
12409119
12426998
12451860
12474784
12479078
12483699
12494330
12558382
12595493
12644738
12664785
12680330
12690422
12703360
12714739
12728698
12734133
12752226
12779238
12787058
12792550
12793004
12793301
12828453
12834877
12844842
12850683
12851137
12889386
12904585
12910745
12911524
12912071
12928950
12937156
12943633
13008183
13064839
13106275
13134235
13138414
13171508
13184533
13192106
13237138
13244609
13252586
13254365
13264008
13279687
13286849
13287271
13291904
13310419
13314953
13377680
13380073
13410755
13422830
13452946
13470207
13479452
13480579
13496437
13526000
13535948
13554966
13572666
13576939
13586839
13639268
13642994
13657946
13680161
13680422
13689988
13705711
13710337
13716791
13729905
13742699
13745751
13750708
13756973
13783231
13786663
13788625
13793363
13801912
13823037
13830575
13837546
13843556
13865365
13870014
13895386
13921704
13922620
13932217
13934155
13948466
13963147
13972881
14004422
14084046
14121939
14148012
14162303
14169362
14203903
14214779
14236089
14241632
14243497
14257514
14268548
14279357
14280442
14296328
14328102
14357650
14362508
14369572
14397266
14464737
14473929
14508710
14517877
14523609
14525429
14551497
14600268
14603930
14634825
14643876
14658470
14660735
14684023
14697077
14712425
14715998
14756846
14803740
14810647
14823884
14850350
14905166
14914556
14919995
14936201
14947114
14949505
15008819
15035594
15045469
15055423
15063514
15072582
15087306
15094659
15094779
15094836
15125153
15162511
15168541
15176775
15216473
15235774
