124324
161066
176193
265174
313394
319253
334081
334292
383016
386546
393881
402471
402819
439210
440903
444060
446550
466104
559468
570853
644445
703756
770505
808336
944690
983802
991314
1007525
1023268
1039727
1074890
1135447
1160835
1192007
1192008
1196313
1225880
1244353
1254768
1262246
1309519
1343572
1347004
1352995
1362230
1364254
1412079
1418906
1425833
1458244
1514513
1543123
1573755
1596267
1669921
1694060
1699592
1817387
1867718
1873050
2048538
2068803
2106874
2129705
2204045
2239734
2264238
2278626
2332175
2334493
2335265
2351501
2360967
2381862
2414799
2428549
2484804
2606615
2735849
2798009
2913436
2922393
2951354
2969685
2976734
3081375
3113210
3127188
3140002
3178656
3181664
3203669
3256149
3294430
3326724
3376496
3392983
3403349
3439711
3444797
3481598
3500431
3510172
3512195
3514303
3530564
3532537
3542233
3559149
3635219
3643440
3655486
3661276
3707923
3708629
3711857
3783085
3794621
3830866
3852251
3856252
3869653
3887696
3903431
3911007
3916850
3924301
3985590
4017588
4018667
4033665
4039228
4058944
4079137
4122380
4135776
4138100
4161921
4163937
4182649
4248554
4253511
4314827
4371687
4453578
4474098
4478911
4511983
4515041
4602082
4650167
4650415
4659627
4667461
4680289
4702905
4728438
4740734
4741018
4855077
4859703
4899043
4938958
4944144
4961463
4983632
5004718
5089873
5101574
5118193
5177864
5206710
5221877
5229882
5238022
5292375
5306015
5444411
5453813
5497839
5541489
5562427
5605634
5641242
5664880
5669923
5720293
5729581
5749857
5752913
5803268
5829979
5846050
5849728
5943071
5957906
5987277
5996773
6019707
6032576
6069930
6086142
6118254
6189567
6208366
6223115
6224913
6253808
6273798
6334209
6342980
6353805
6354609
6420634
6424776
6511660
6512104
6518569
6532843
6556676
6595124
6596591
6601052
6605371
6623106
6657239
6659657
6663766
6680978
6682647
6697514
6699400
6709045
6739082
6755035
6776047
6791006
6807455
6831888
6862648
6912129
6928209
7034464
7097886
7118806
7145930
7179303
7197717
7212833
7223138
7378147
7585800
7588456
7612901
7616062
7619438
7630957
7645774
7703134
7717914
7719669
7777743
7826096
7833905
7872939
7916502
7935661
8007535
8042441
8051517
8065685
8104283
8174760
8194669
8230791
8241655
8242520
8264549
8356670
8417699
8429971
8443804
8479573
8519526
8529792
8560709
8670411
8700887
8810228
8831441
8859109
8862727
9010718
9068101
9075011
9093211
9101722
9103391
9118831
9202165
9212499
9226476
9288124
9294585
9341832
9366621
9401332
9401718
9477142
9497530
9507695
9539255
9560038
9560135
9589648
9634886
9701479
9712853
9723644
9732828
9834222
9847120
9865144
9866721
9924861
9934468
10021841
10133224
10157688
10160952
10189884
10201823
10207165
10264496
10265639
10276083
10286759
10405136
10428466
10498248
10511005
10513745
10660079
10683139
10699952
10720336
10731667
10736294
10817783
10829293
10868016
10872787
10874516
10907567
10922981
10932356
10949858
10975737
10982794
10996467
11025238
11033222
11063763
11063829
11077431
11082317
11112645
11119987
11223255
11235115
11264225
11274834
11306656
11309973
11320519
11349851
11352822
11370657
11412214
11488836
11543667
11545788
11662962
11681034
11744253
11761097
11843947
11868050
11884437
11888291
11903255
11903467
12001076
12047107
12060737
12093911
12163462
12218299
12279816
12320420
12348930
12371561
12406858
12439942
12449997
12453687
12498543
12560065
12597723
12606529
12656629
12671323
12739724
12778028
12800334
12815109
12887095
12892127
12921597
12954571
12959224
12959238
12966548
12988256
12999917
13018408
13041886
13098911
13103744
13165495
13197101
13237875
13243573
13256201
13257248
13326954
13343385
13357956
13364333
13501100
13532271
13546134
13587201
13610756
13647024
13668220
13677091
13688359
13714427
13749516
13763587
13774144
13800368
13810862
13842303
13870996
13897969
13899308
13911756
13918464
13924674
13929248
13935302
14000726
14003639
14063695
14145200
14286102
14294400
14339019
14368820
14377061
14399623
14427563
14519462
14532674
14543209
14557005
14564913
14570586
14592508
14592633
14605300
14609666
14630795
14666273
14667541
14689308
14730175
14769986
14782718
14812906
14821951
14838295
14869662
14870082
14968654
14983699
14994551
15000883
